$ANSIBLE_VAULT;1.1;AES256
31353961393439396666383338363031303533313933656634643538373139356638663232316132
3364643637356637616139366263353630666635303363330a643030643761313939353761383033
66663764626631303030633331656635383532626437316361656237666665616436316233396536
6632623837393836630a646637653462666164666336303933656361303762623931316637396638
39613738636266363933386161333865336137303339613339336366393731343639643964323935
33383830323364376638306534653535656165323537666562653639653966353634363437363630
38396163633265343764613363326364333436633031613330343661623334613931663134393463
30303663306263636233666633303734643061383766663664613437343163336137393965373963
66613461396534623039326137613263306366303235666438653335613738653633326563316463
66393533646461333830643333623630343563323963383461356233663861313634616364613965
37373762633163656339656533326336333438303161643939393937353834613537303963306264
39626638303037346236623233343936626437336364343535613764303732393061653934633666
37356236353433383263633531613834643264326631393261623663653939636139386566613931
36366537353961646362616530393462386337646266643465396437643766633432303764346165
32356235616636326330373166353062396130393333356437626461313061393362363134316437
32343030346630366461643264623832643934663638616361666163383338353334636330373866
38303336616466346431623732643135373234666532373064656232323862613866393031353031
30656436346134303761376231346435633933323334346461373263383837303866653633656330
30313265353065393738363438303934306332376233356237336436353862356339386331623765
62663633376136643934373239633932653936613061643236373134353533316536643336316264
33613365643238643439383564666235363965383464303965343930396434303831393065656630
3732653734363933656131353931616565396330306362383839
